4
resources/terra.png
resources/caixa.png
resources/lava.gif
resources/antidoto.png
1,0,0,0,1,0,0,0,0,0,0,0,0,0,2,0,0,0,0,0,0,0,0,0,0,0,0,0,0,0,0,0,0,0,0,0,0,0,0,0,0,0,0,0,0,4
1,1,1,0,1,0,0,0,0,0,0,0,2,0,2,0,0,0,0,0,0,0,0,0,0,0,0,0,0,0,0,0,0,0,0,2,2,0,0,0,0,0,0,0,0,2
1,0,0,0,1,0,0,0,0,0,0,0,2,0,2,0,0,0,0,0,0,0,0,0,0,2,0,2,0,0,0,0,0,2,2,0,2,0,0,0,0,0,0,0,2,2
1,0,1,1,0,0,0,2,0,0,0,2,2,0,0,2,0,0,0,0,0,0,0,0,2,2,3,2,2,0,0,0,2,0,0,0,2,0,2,2,0,0,0,0,2,2
1,0,0,0,0,0,2,0,0,0,0,0,0,2,0,0,0,0,0,0,0,0,0,2,2,2,1,2,2,2,2,2,0,0,0,0,2,0,0,0,0,0,2,2,2,2
1,1,1,1,0,1,1,0,0,0,0,0,1,1,1,1,1,1,3,3,3,1,1,1,1,1,1,1,1,1,1,1,1,1,1,1,1,1,1,1,1,1,1,1,1,1
%
resources\fundo_444fase1.png